function chs325 = channels_ici325ghz

chs325 = 325.15e9 + [-11.0 -8.00;
                     -4.70 -2.30;
                     -2.30 -0.70 ] * 1e9;
